74 0 256 24 1 1 16 1031798784 0 0 10 0 0 0 0 0 0 0 0 0 0 0 0 4 0 256 1 24 1 4 24576 1024 24576 8 256 20480 4 1 34 1088 272 22282240 8 256 20480 4 1 34 1088 272 22282240 1 20480 1 1 1 2 40960 40960 40960 fa_q8_kv20480_nb1
74 0 256 24 2 1 16 1031798784 0 0 10 0 0 0 0 0 0 0 0 0 0 0 0 4 0 256 2 24 1 4 24576 1024 49152 8 256 20480 4 1 34 1088 272 22282240 8 256 20480 4 1 34 1088 272 22282240 1 20480 2 1 1 2 40960 81920 81920 fa_q8_kv20480_nb2
74 0 256 24 3 1 16 1031798784 0 0 10 0 0 0 0 0 0 0 0 0 0 0 0 4 0 256 3 24 1 4 24576 1024 73728 8 256 20480 4 1 34 1088 272 22282240 8 256 20480 4 1 34 1088 272 22282240 1 20480 3 1 1 2 40960 122880 122880 fa_q8_kv20480_nb3
74 0 256 24 1 1 16 1031798784 0 0 10 0 0 0 0 0 0 0 0 0 0 0 0 4 0 256 1 24 1 4 24576 1024 24576 1 256 20480 4 1 2 2048 512 41943040 1 256 20480 4 1 2 2048 512 41943040 1 20480 1 1 1 2 40960 40960 40960 fa_f16_kv20480_nb1
74 0 256 24 1 1 16 1031798784 0 0 10 0 0 0 0 0 0 0 0 0 0 0 0 4 0 256 1 24 1 4 24576 1024 24576 8 256 51200 4 1 34 1088 272 55705600 8 256 51200 4 1 34 1088 272 55705600 1 51200 1 1 1 2 102400 102400 102400 fa_q8_kv51200_nb1
74 0 256 24 2 1 16 1031798784 0 0 10 0 0 0 0 0 0 0 0 0 0 0 0 4 0 256 2 24 1 4 24576 1024 49152 8 256 51200 4 1 34 1088 272 55705600 8 256 51200 4 1 34 1088 272 55705600 1 51200 2 1 1 2 102400 204800 204800 fa_q8_kv51200_nb2
74 0 256 24 3 1 16 1031798784 0 0 10 0 0 0 0 0 0 0 0 0 0 0 0 4 0 256 3 24 1 4 24576 1024 73728 8 256 51200 4 1 34 1088 272 55705600 8 256 51200 4 1 34 1088 272 55705600 1 51200 3 1 1 2 102400 307200 307200 fa_q8_kv51200_nb3
74 0 256 24 1 1 16 1031798784 0 0 10 0 0 0 0 0 0 0 0 0 0 0 0 4 0 256 1 24 1 4 24576 1024 24576 1 256 51200 4 1 2 2048 512 104857600 1 256 51200 4 1 2 2048 512 104857600 1 51200 1 1 1 2 102400 102400 102400 fa_f16_kv51200_nb1
74 0 256 24 1 1 16 1031798784 0 0 10 0 0 0 0 0 0 0 0 0 0 0 0 4 0 256 1 24 1 4 24576 1024 24576 8 256 102400 4 1 34 1088 272 111411200 8 256 102400 4 1 34 1088 272 111411200 1 102400 1 1 1 2 204800 204800 204800 fa_q8_kv102400_nb1
74 0 256 24 2 1 16 1031798784 0 0 10 0 0 0 0 0 0 0 0 0 0 0 0 4 0 256 2 24 1 4 24576 1024 49152 8 256 102400 4 1 34 1088 272 111411200 8 256 102400 4 1 34 1088 272 111411200 1 102400 2 1 1 2 204800 409600 409600 fa_q8_kv102400_nb2
74 0 256 24 3 1 16 1031798784 0 0 10 0 0 0 0 0 0 0 0 0 0 0 0 4 0 256 3 24 1 4 24576 1024 73728 8 256 102400 4 1 34 1088 272 111411200 8 256 102400 4 1 34 1088 272 111411200 1 102400 3 1 1 2 204800 614400 614400 fa_q8_kv102400_nb3
74 0 256 24 1 1 16 1031798784 0 0 10 0 0 0 0 0 0 0 0 0 0 0 0 4 0 256 1 24 1 4 24576 1024 24576 1 256 102400 4 1 2 2048 512 209715200 1 256 102400 4 1 2 2048 512 209715200 1 102400 1 1 1 2 204800 204800 204800 fa_f16_kv102400_nb1
74 0 256 24 1 1 16 1031798784 0 0 10 0 0 0 0 0 0 0 0 0 0 0 0 4 0 256 1 24 1 4 24576 1024 24576 8 256 204800 4 1 34 1088 272 222822400 8 256 204800 4 1 34 1088 272 222822400 1 204800 1 1 1 2 409600 409600 409600 fa_q8_kv204800_nb1
74 0 256 24 2 1 16 1031798784 0 0 10 0 0 0 0 0 0 0 0 0 0 0 0 4 0 256 2 24 1 4 24576 1024 49152 8 256 204800 4 1 34 1088 272 222822400 8 256 204800 4 1 34 1088 272 222822400 1 204800 2 1 1 2 409600 819200 819200 fa_q8_kv204800_nb2
74 0 256 24 3 1 16 1031798784 0 0 10 0 0 0 0 0 0 0 0 0 0 0 0 4 0 256 3 24 1 4 24576 1024 73728 8 256 204800 4 1 34 1088 272 222822400 8 256 204800 4 1 34 1088 272 222822400 1 204800 3 1 1 2 409600 1228800 1228800 fa_q8_kv204800_nb3
74 0 256 24 1 1 16 1031798784 0 0 10 0 0 0 0 0 0 0 0 0 0 0 0 4 0 256 1 24 1 4 24576 1024 24576 1 256 204800 4 1 2 2048 512 419430400 1 256 204800 4 1 2 2048 512 419430400 1 204800 1 1 1 2 409600 409600 409600 fa_f16_kv204800_nb1
